1 0.7767857142857143 0.5658482142857143 0.08928571428571429 0.234375
1 0.7901785714285714 0.1640625 0.08035714285714286 0.20982142857142858
1 0.18526785714285715 0.24553571428571427 0.08705357142857142 0.16517857142857142
1 0.43973214285714285 0.2779017857142857 0.06473214285714286 0.21428571428571427
1 0.6082589285714286 0.2700892857142857 0.08928571428571429 0.22321428571428573
1 0.29799107142857145 0.3470982142857143 0.07589285714285714 0.22098214285714285
1 0.11830357142857142 0.38950892857142855 0.06696428571428571 0.20089285714285715
1 0.7064732142857143 0.31919642857142855 0.10044642857142858 0.203125
1 0.4296875 0.4174107142857143 0.09375 0.24107142857142858
1 0.18303571428571427 0.5234375 0.07142857142857142 0.23660714285714285
1 0.59375 0.5212053571428571 0.07142857142857142 0.19866071428571427