1 0.7678571428571429 0.59375 0.08035714285714286 0.23214285714285715
1 0.8236607142857143 0.19642857142857142 0.07366071428571429 0.20758928571428573
1 0.21428571428571427 0.21428571428571427 0.08258928571428571 0.16294642857142858
1 0.46316964285714285 0.2734375 0.05803571428571429 0.21428571428571427
1 0.6316964285714286 0.28236607142857145 0.08258928571428571 0.22098214285714285
1 0.31473214285714285 0.32700892857142855 0.06696428571428571 0.21875
1 0.13169642857142858 0.34933035714285715 0.060267857142857144 0.19866071428571427
1 0.7243303571428571 0.34151785714285715 0.09375 0.20089285714285715
1 0.43861607142857145 0.4107142857142857 0.08482142857142858 0.23883928571428573
1 0.18191964285714285 0.48995535714285715 0.06473214285714286 0.234375
1 0.5904017857142857 0.53125 0.06473214285714286 0.19642857142857142