1 0.7176339285714286 0.4375 0.049107142857142856 0.12946428571428573
1 0.6796875 0.44754464285714285 0.05803571428571429 0.140625
1 0.6395089285714286 0.45535714285714285 0.060267857142857144 0.13839285714285715
1 0.8950892857142857 0.45200892857142855 0.07589285714285714 0.15401785714285715
1 0.9665178571428571 0.46205357142857145 0.0625 0.20535714285714285
1 0.49888392857142855 0.5033482142857143 0.08705357142857142 0.22321428571428573
1 0.2544642857142857 0.53125 0.10267857142857142 0.23660714285714285
1 0.31138392857142855 0.5323660714285714 0.08705357142857142 0.24776785714285715
1 0.36830357142857145 0.5546875 0.109375 0.31026785714285715
1 0.42410714285714285 0.5591517857142857 0.11607142857142858 0.29910714285714285
1 0.5569196428571429 0.5479910714285714 0.140625 0.35044642857142855