2 0.9196428571428571 0.6450892857142857 0.15625 0.6830357142857143
2 0.19084821428571427 0.26785714285714285 0.06473214285714286 0.23214285714285715
1 0.40848214285714285 0.28013392857142855 0.05357142857142857 0.18973214285714285
1 0.12611607142857142 0.2734375 0.06919642857142858 0.24776785714285715
1 0.3638392857142857 0.28236607142857145 0.049107142857142856 0.19642857142857142
1 0.33370535714285715 0.29575892857142855 0.06919642857142858 0.22991071428571427
1 0.23325892857142858 0.3013392857142857 0.07589285714285714 0.28348214285714285
1 0.03794642857142857 0.29464285714285715 0.06696428571428571 0.25223214285714285
1 0.5457589285714286 0.35379464285714285 0.09375 0.31473214285714285
1 0.43861607142857145 0.38392857142857145 0.09598214285714286 0.3638392857142857
1 0.7154017857142857 0.6026785714285714 0.296875 0.7834821428571429