1 0.23214285714285715 0.37723214285714285 0.049107142857142856 0.15848214285714285
1 0.20089285714285715 0.3783482142857143 0.03794642857142857 0.16741071428571427
1 0.06361607142857142 0.3828125 0.06919642857142858 0.21428571428571427
1 0.3169642857142857 0.45089285714285715 0.08928571428571429 0.29017857142857145
0 0.7176339285714286 0.49330357142857145 0.08482142857142858 0.31919642857142855
0 0.43080357142857145 0.4799107142857143 0.07142857142857142 0.25669642857142855
0 0.36495535714285715 0.4765625 0.07142857142857142 0.24107142857142858
0 0.5803571428571429 0.4955357142857143 0.08928571428571429 0.3125
0 0.6462053571428571 0.5078125 0.08705357142857142 0.32589285714285715
0 0.5055803571428571 0.5011160714285714 0.09375 0.3080357142857143
0 0.8203125 0.5625 0.12946428571428573 0.34598214285714285