1 0.25669642857142855 0.5680803571428571 0.060267857142857144 0.2544642857142857
1 0.34151785714285715 0.578125 0.06919642857142858 0.27232142857142855
1 0.39620535714285715 0.5848214285714286 0.078125 0.2544642857142857
1 0.13058035714285715 0.5703125 0.05803571428571429 0.24330357142857142
1 0.47767857142857145 0.5993303571428571 0.0625 0.25669642857142855
1 0.5613839285714286 0.6049107142857143 0.05803571428571429 0.25223214285714285
1 0.9620535714285714 0.6372767857142857 0.05133928571428571 0.26339285714285715
1 0.20982142857142858 0.5848214285714286 0.07142857142857142 0.265625
1 0.8883928571428571 0.6339285714285714 0.07589285714285714 0.26785714285714285
1 0.08258928571428571 0.578125 0.07589285714285714 0.265625
1 0.6071428571428571 0.6171875 0.07589285714285714 0.27455357142857145
1 0.8404017857142857 0.6339285714285714 0.06696428571428571 0.2544642857142857
1 0.7299107142857143 0.6361607142857143 0.078125 0.27455357142857145
1 0.5100446428571429 0.6328125 0.06473214285714286 0.25669642857142855
1 0.29799107142857145 0.6238839285714286 0.08705357142857142 0.26339285714285715