1 0.9453125 0.5479910714285714 0.10491071428571429 0.484375
1 0.10379464285714286 0.7779017857142857 0.19419642857142858 0.43973214285714285
1 0.7991071428571429 0.6361607142857143 0.203125 0.45089285714285715
0 0.734375 0.7008928571428571 0.13616071428571427 0.3013392857142857
0 0.5546875 0.7566964285714286 0.18080357142857142 0.3950892857142857
1 0.6662946428571429 0.47879464285714285 0.09821428571428571 0.234375
0 0.5446428571428571 0.53125 0.10044642857142858 0.22767857142857142
1 0.39174107142857145 0.5714285714285714 0.11607142857142858 0.2857142857142857
0 0.3470982142857143 0.6060267857142857 0.10044642857142858 0.22767857142857142
1 0.15066964285714285 0.671875 0.15848214285714285 0.34151785714285715
0 0.296875 0.6361607142857143 0.10267857142857142 0.25892857142857145
0 0.5926339285714286 0.5691964285714286 0.10044642857142858 0.21651785714285715