3 0.3002232142857143 0.6473214285714286 0.31473214285714285 0.44419642857142855
3 0.5502232142857143 0.6417410714285714 0.32142857142857145 0.5178571428571429
1 0.9017857142857143 0.2700892857142857 0.06696428571428571 0.14285714285714285
1 0.9464285714285714 0.29129464285714285 0.08258928571428571 0.20758928571428573
1 0.8169642857142857 0.3125 0.078125 0.20535714285714285
1 0.6607142857142857 0.3404017857142857 0.06696428571428571 0.171875
1 0.6149553571428571 0.35044642857142855 0.06473214285714286 0.14508928571428573
1 0.2845982142857143 0.4453125 0.09598214285714286 0.20535714285714285
2 0.21651785714285715 0.49441964285714285 0.125 0.296875
2 0.08928571428571429 0.5502232142857143 0.13839285714285715 0.34598214285714285
3 0.40401785714285715 0.5178571428571429 0.16294642857142858 0.29464285714285715