0 0.9430803571428571 0.47433035714285715 0.08482142857142858 0.18526785714285715
0 0.14174107142857142 0.6473214285714286 0.07589285714285714 0.18526785714285715
0 0.5825892857142857 0.5580357142857143 0.078125 0.19196428571428573
0 0.7243303571428571 0.5279017857142857 0.07366071428571429 0.19419642857142858
0 0.8370535714285714 0.5055803571428571 0.06696428571428571 0.18973214285714285
0 0.20089285714285715 0.640625 0.0625 0.16517857142857142
0 0.6473214285714286 0.5491071428571429 0.06696428571428571 0.19419642857142858
0 0.5345982142857143 0.5792410714285714 0.08035714285714286 0.1875
0 0.359375 0.6149553571428571 0.06473214285714286 0.18526785714285715
0 0.39732142857142855 0.6082589285714286 0.07142857142857142 0.17410714285714285
0 0.45870535714285715 0.5982142857142857 0.07589285714285714 0.19196428571428573
0 0.27566964285714285 0.6417410714285714 0.07366071428571429 0.17857142857142858