0 0.9397321428571429 0.5524553571428571 0.08482142857142858 0.18526785714285715
0 0.12165178571428571 0.5837053571428571 0.07589285714285714 0.18526785714285715
0 0.5714285714285714 0.5714285714285714 0.078125 0.19196428571428573
0 0.7165178571428571 0.5658482142857143 0.07366071428571429 0.19419642857142858
0 0.8303571428571429 0.5636160714285714 0.06696428571428571 0.18973214285714285
0 0.18080357142857142 0.5859375 0.0625 0.16517857142857142
0 0.6372767857142857 0.5736607142857143 0.06696428571428571 0.19419642857142858
0 0.5212053571428571 0.5837053571428571 0.08035714285714286 0.1875
0 0.3404017857142857 0.5892857142857143 0.06473214285714286 0.18526785714285715
0 0.38058035714285715 0.5892857142857143 0.07142857142857142 0.17410714285714285
0 0.44308035714285715 0.5892857142857143 0.07589285714285714 0.19196428571428573
0 0.2544642857142857 0.6004464285714286 0.07366071428571429 0.17857142857142858