1 0.15625 0.5379464285714286 0.10044642857142858 0.29464285714285715
1 0.6383928571428571 0.5825892857142857 0.06473214285714286 0.26785714285714285
1 0.7645089285714286 0.5926339285714286 0.0625 0.26785714285714285
1 0.8627232142857143 0.6037946428571429 0.07142857142857142 0.27901785714285715
1 0.7254464285714286 0.5970982142857143 0.049107142857142856 0.26339285714285715
1 0.5602678571428571 0.5915178571428571 0.07142857142857142 0.27901785714285715
2 0.6886160714285714 0.5993303571428571 0.07589285714285714 0.25223214285714285
1 0.2845982142857143 0.5747767857142857 0.06919642857142858 0.26785714285714285
2 0.171875 0.5691964285714286 0.08035714285714286 0.2544642857142857
2 0.8102678571428571 0.6194196428571429 0.06696428571428571 0.23660714285714285
1 0.6138392857142857 0.6082589285714286 0.06473214285714286 0.2544642857142857
1 0.46875 0.5993303571428571 0.05357142857142857 0.26339285714285715
1 0.42075892857142855 0.6071428571428571 0.07142857142857142 0.24776785714285715
2 0.36495535714285715 0.6037946428571429 0.0625 0.23214285714285715
2 0.4888392857142857 0.6183035714285714 0.049107142857142856 0.22544642857142858
2 0.24330357142857142 0.6060267857142857 0.05803571428571429 0.24107142857142858