1 0.7209821428571429 0.4497767857142857 0.046875 0.12946428571428573
1 0.6819196428571429 0.45870535714285715 0.05580357142857143 0.140625
1 0.6417410714285714 0.46205357142857145 0.060267857142857144 0.13839285714285715
1 0.8973214285714286 0.47098214285714285 0.07366071428571429 0.15625
1 0.9698660714285714 0.484375 0.05580357142857143 0.20535714285714285
1 0.49776785714285715 0.5033482142857143 0.08258928571428571 0.22321428571428573
1 0.2533482142857143 0.5178571428571429 0.10044642857142858 0.234375
1 0.31026785714285715 0.5234375 0.08482142857142858 0.24776785714285715
1 0.36607142857142855 0.5502232142857143 0.10491071428571429 0.31026785714285715
1 0.42299107142857145 0.5546875 0.11160714285714286 0.29910714285714285
1 0.5524553571428571 0.5502232142857143 0.13392857142857142 0.35044642857142855