1 0.5446428571428571 0.5558035714285714 0.03794642857142857 0.09151785714285714
1 0.5758928571428571 0.5502232142857143 0.044642857142857144 0.09598214285714286
1 0.7053571428571429 0.5569196428571429 0.05357142857142857 0.12723214285714285
1 0.7566964285714286 0.6272321428571429 0.07366071428571429 0.17410714285714285
1 0.3671875 0.7421875 0.06473214285714286 0.16964285714285715
1 0.6071428571428571 0.7075892857142857 0.09375 0.23214285714285715
1 0.32924107142857145 0.7957589285714286 0.11160714285714286 0.21651785714285715
1 0.9285714285714286 0.6875 0.12946428571428573 0.27901785714285715
1 0.9654017857142857 0.7064732142857143 0.06473214285714286 0.3861607142857143
1 0.49888392857142855 0.8091517857142857 0.15848214285714285 0.37723214285714285
1 0.5725446428571429 0.8013392857142857 0.12723214285714285 0.3794642857142857
1 0.15848214285714285 0.8716517857142857 0.20089285714285715 0.25223214285714285