1 0.25558035714285715 0.5636160714285714 0.06473214285714286 0.2544642857142857
1 0.3404017857142857 0.5758928571428571 0.07366071428571429 0.27232142857142855
1 0.3950892857142857 0.5825892857142857 0.08258928571428571 0.2544642857142857
1 0.12946428571428573 0.5636160714285714 0.0625 0.24330357142857142
1 0.47544642857142855 0.5982142857142857 0.06696428571428571 0.25669642857142855
1 0.5591517857142857 0.6060267857142857 0.0625 0.25223214285714285
1 0.9598214285714286 0.6450892857142857 0.05580357142857143 0.26339285714285715
1 0.20870535714285715 0.5803571428571429 0.07589285714285714 0.265625
1 0.8850446428571429 0.640625 0.08035714285714286 0.26785714285714285
1 0.08147321428571429 0.5714285714285714 0.08035714285714286 0.265625
1 0.6049107142857143 0.6194196428571429 0.08035714285714286 0.27455357142857145
1 0.8381696428571429 0.6395089285714286 0.07142857142857142 0.25669642857142855
1 0.7276785714285714 0.6395089285714286 0.08258928571428571 0.27455357142857145
1 0.5078125 0.6328125 0.06919642857142858 0.25669642857142855
1 0.29575892857142855 0.6194196428571429 0.09151785714285714 0.265625