3 0.27901785714285715 0.6104910714285714 0.27232142857142855 0.42410714285714285
3 0.5245535714285714 0.6462053571428571 0.27232142857142855 0.4955357142857143
1 0.9352678571428571 0.34375 0.05357142857142857 0.13839285714285715
1 0.9709821428571429 0.37388392857142855 0.05357142857142857 0.20758928571428573
1 0.8448660714285714 0.3716517857142857 0.05580357142857143 0.203125
1 0.6852678571428571 0.3716517857142857 0.049107142857142856 0.16741071428571427
1 0.6417410714285714 0.3705357142857143 0.05133928571428571 0.14285714285714285
1 0.29910714285714285 0.40625 0.07589285714285714 0.203125
2 0.22098214285714285 0.44419642857142855 0.09598214285714286 0.2924107142857143
2 0.08816964285714286 0.4765625 0.10491071428571429 0.34151785714285715
3 0.4017857142857143 0.5 0.13392857142857142 0.28348214285714285