3 0.29464285714285715 0.640625 0.33035714285714285 0.45535714285714285
3 0.5446428571428571 0.6428571428571429 0.3392857142857143 0.5290178571428571
1 0.9095982142857143 0.2845982142857143 0.07142857142857142 0.14508928571428573
1 0.9542410714285714 0.30691964285714285 0.08928571428571429 0.20982142857142858
1 0.8236607142857143 0.3236607142857143 0.08482142857142858 0.20758928571428573
1 0.6651785714285714 0.3470982142857143 0.07366071428571429 0.17410714285714285
1 0.6205357142857143 0.35379464285714285 0.06919642857142858 0.14732142857142858
1 0.28683035714285715 0.4375 0.10267857142857142 0.20982142857142858
2 0.21651785714285715 0.484375 0.13616071428571427 0.3013392857142857
2 0.08816964285714286 0.5357142857142857 0.14955357142857142 0.35044642857142855
3 0.4029017857142857 0.5145089285714286 0.17410714285714285 0.29910714285714285