1 0.5446428571428571 0.5558035714285714 0.03794642857142857 0.09151785714285714
1 0.5747767857142857 0.5513392857142857 0.04241071428571429 0.09598214285714286
1 0.7042410714285714 0.5602678571428571 0.05133928571428571 0.12723214285714285
1 0.7544642857142857 0.6316964285714286 0.07142857142857142 0.171875
1 0.3638392857142857 0.7399553571428571 0.0625 0.16964285714285715
1 0.6026785714285714 0.7098214285714286 0.08928571428571429 0.22991071428571427
1 0.3236607142857143 0.7935267857142857 0.10714285714285714 0.21428571428571427
1 0.9252232142857143 0.6953125 0.125 0.27901785714285715
1 0.9654017857142857 0.7154017857142857 0.06473214285714286 0.3861607142857143
1 0.49441964285714285 0.8102678571428571 0.15401785714285715 0.375
1 0.5669642857142857 0.8024553571428571 0.12276785714285714 0.3794642857142857
1 0.15178571428571427 0.8694196428571429 0.19642857142857142 0.25669642857142855