0 0.044642857142857144 0.5457589285714286 0.08928571428571429 0.2611607142857143
0 0.6004464285714286 0.5926339285714286 0.08928571428571429 0.28125
1 0.21986607142857142 0.33705357142857145 0.14955357142857142 0.21205357142857142
1 0.9285714285714286 0.4263392857142857 0.13839285714285715 0.3125
1 0.7410714285714286 0.42745535714285715 0.14732142857142858 0.4642857142857143
0 0.12053571428571429 0.46651785714285715 0.09375 0.203125
0 0.23325892857142858 0.4765625 0.08928571428571429 0.20758928571428573
0 0.5055803571428571 0.48325892857142855 0.08258928571428571 0.22544642857142858
0 0.4419642857142857 0.5066964285714286 0.08035714285714286 0.23660714285714285
0 0.5524553571428571 0.5167410714285714 0.07366071428571429 0.25892857142857145
0 0.37611607142857145 0.5133928571428571 0.11383928571428571 0.26785714285714285
0 0.3002232142857143 0.5167410714285714 0.10491071428571429 0.234375
0 0.6696428571428571 0.5502232142857143 0.08258928571428571 0.234375