1 0.9486607142857143 0.5647321428571429 0.09821428571428571 0.48214285714285715
1 0.09375 0.7723214285714286 0.17857142857142858 0.45089285714285715
1 0.7946428571428571 0.6462053571428571 0.1875 0.44642857142857145
0 0.7276785714285714 0.7087053571428571 0.125 0.296875
0 0.5457589285714286 0.7589285714285714 0.16741071428571427 0.390625
1 0.6662946428571429 0.48549107142857145 0.09151785714285714 0.234375
0 0.5435267857142857 0.5323660714285714 0.09151785714285714 0.22544642857142858
1 0.38950892857142855 0.5680803571428571 0.10714285714285714 0.28348214285714285
0 0.34375 0.6004464285714286 0.09151785714285714 0.22544642857142858
1 0.14508928571428573 0.6595982142857143 0.14732142857142858 0.33705357142857145
0 0.2924107142857143 0.6283482142857143 0.09375 0.25669642857142855
0 0.5904017857142857 0.5725446428571429 0.09375 0.21428571428571427