0 0.953125 0.5535714285714286 0.08928571428571429 0.26339285714285715
0 0.3984375 0.5926339285714286 0.09375 0.28125
1 0.7823660714285714 0.34151785714285715 0.15401785714285715 0.21651785714285715
1 0.07366071428571429 0.41964285714285715 0.14732142857142858 0.3125
1 0.26004464285714285 0.421875 0.15401785714285715 0.46651785714285715
0 0.8816964285714286 0.47098214285714285 0.09821428571428571 0.203125
0 0.7689732142857143 0.4810267857142857 0.09151785714285714 0.20758928571428573
0 0.49441964285714285 0.48325892857142855 0.08705357142857142 0.22544642857142858
0 0.5591517857142857 0.5078125 0.08482142857142858 0.23660714285714285
0 0.4486607142857143 0.5145089285714286 0.07589285714285714 0.2611607142857143
0 0.625 0.515625 0.11607142857142858 0.2700892857142857
0 0.7008928571428571 0.5200892857142857 0.10714285714285714 0.234375
0 0.33035714285714285 0.5457589285714286 0.08928571428571429 0.23660714285714285