1 0.9486607142857143 0.5647321428571429 0.09821428571428571 0.48214285714285715
1 0.09263392857142858 0.7723214285714286 0.17633928571428573 0.45089285714285715
1 0.7935267857142857 0.6462053571428571 0.18973214285714285 0.4486607142857143
0 0.7276785714285714 0.7087053571428571 0.125 0.29910714285714285
0 0.5435267857142857 0.7578125 0.16741071428571427 0.39285714285714285
1 0.6685267857142857 0.48660714285714285 0.09151785714285714 0.234375
0 0.5412946428571429 0.5323660714285714 0.09151785714285714 0.22544642857142858
1 0.390625 0.5680803571428571 0.10491071428571429 0.2857142857142857
0 0.34263392857142855 0.6015625 0.09375 0.22767857142857142
1 0.14285714285714285 0.6595982142857143 0.14732142857142858 0.3392857142857143
0 0.29129464285714285 0.6283482142857143 0.09375 0.25669642857142855
0 0.5904017857142857 0.5703125 0.09598214285714286 0.21428571428571427