1 0.5357142857142857 0.5613839285714286 0.03794642857142857 0.09151785714285714
1 0.5669642857142857 0.5613839285714286 0.04241071428571429 0.09598214285714286
1 0.6941964285714286 0.5881696428571429 0.05133928571428571 0.12723214285714285
1 0.7332589285714286 0.6662946428571429 0.07142857142857142 0.171875
1 0.3314732142857143 0.71875 0.0625 0.16964285714285715
1 0.5725446428571429 0.7220982142857143 0.08928571428571429 0.22991071428571427
1 0.2845982142857143 0.765625 0.10714285714285714 0.21428571428571427
1 0.8939732142857143 0.7522321428571429 0.125 0.27901785714285715
1 0.9464285714285714 0.7790178571428571 0.09375 0.38392857142857145
1 0.4497767857142857 0.8091517857142857 0.15178571428571427 0.3794642857142857
1 0.5245535714285714 0.8091517857142857 0.12276785714285714 0.3794642857142857
1 0.1015625 0.8325892857142857 0.19419642857142858 0.28794642857142855