1 0.5323660714285714 0.5613839285714286 0.029017857142857144 0.08705357142857142
1 0.5636160714285714 0.5658482142857143 0.033482142857142856 0.09375
1 0.6886160714285714 0.5970982142857143 0.04241071428571429 0.12723214285714285
1 0.7254464285714286 0.6785714285714286 0.05803571428571429 0.16741071428571427
1 0.32142857142857145 0.7098214285714286 0.049107142857142856 0.16741071428571427
1 0.5602678571428571 0.7276785714285714 0.06919642857142858 0.22544642857142858
1 0.27120535714285715 0.7544642857142857 0.08928571428571429 0.20758928571428573
1 0.8816964285714286 0.7723214285714286 0.10267857142857142 0.27232142857142855
1 0.9475446428571429 0.7991071428571429 0.10044642857142858 0.3705357142857143
1 0.43638392857142855 0.8091517857142857 0.11830357142857142 0.37723214285714285
1 0.5089285714285714 0.8102678571428571 0.08928571428571429 0.37276785714285715
1 0.08705357142857142 0.8337053571428571 0.16294642857142858 0.32142857142857145