2 0.9006696428571429 0.6752232142857143 0.19419642857142858 0.6450892857142857
2 0.22098214285714285 0.23102678571428573 0.07589285714285714 0.234375
1 0.43638392857142855 0.2700892857142857 0.06473214285714286 0.19196428571428573
1 0.15625 0.22879464285714285 0.08035714285714286 0.25
1 0.39174107142857145 0.26785714285714285 0.05803571428571429 0.19642857142857142
1 0.359375 0.2767857142857143 0.08035714285714286 0.23214285714285715
1 0.25892857142857145 0.2700892857142857 0.09151785714285714 0.2857142857142857
1 0.06696428571428571 0.23995535714285715 0.08035714285714286 0.2544642857142857
1 0.5636160714285714 0.36160714285714285 0.11160714285714286 0.31919642857142855
1 0.453125 0.37723214285714285 0.11383928571428571 0.36607142857142855
1 0.7020089285714286 0.6138392857142857 0.33705357142857145 0.7678571428571429