0 0.04799107142857143 0.6004464285714286 0.09375 0.25892857142857145
0 0.6116071428571429 0.5792410714285714 0.08258928571428571 0.27901785714285715
1 0.20200892857142858 0.37276785714285715 0.14508928571428573 0.21205357142857142
1 0.9196428571428571 0.37388392857142855 0.140625 0.3080357142857143
1 0.7310267857142857 0.3984375 0.13839285714285715 0.46205357142857145
0 0.11941964285714286 0.5133928571428571 0.08928571428571429 0.20089285714285715
0 0.23214285714285715 0.5100446428571429 0.08482142857142858 0.20535714285714285
0 0.5033482142857143 0.48325892857142855 0.078125 0.22321428571428573
0 0.44419642857142855 0.5145089285714286 0.07589285714285714 0.23660714285714285
0 0.5546875 0.5100446428571429 0.06919642857142858 0.25892857142857145
0 0.3783482142857143 0.5290178571428571 0.109375 0.26785714285714285
0 0.30357142857142855 0.5401785714285714 0.10044642857142858 0.23214285714285715
0 0.6752232142857143 0.5290178571428571 0.078125 0.234375