1 0.953125 0.6116071428571429 0.09151785714285714 0.47767857142857145
1 0.06919642857142858 0.7366071428571429 0.13839285714285715 0.4642857142857143
1 0.7767857142857143 0.6752232142857143 0.15848214285714285 0.43973214285714285
0 0.7042410714285714 0.7310267857142857 0.10491071428571429 0.2924107142857143
0 0.5167410714285714 0.7611607142857143 0.140625 0.38392857142857145
1 0.6685267857142857 0.5044642857142857 0.07589285714285714 0.22991071428571427
0 0.5368303571428571 0.5368303571428571 0.07589285714285714 0.22321428571428573
1 0.38392857142857145 0.5558035714285714 0.08705357142857142 0.28125
0 0.33370535714285715 0.5837053571428571 0.078125 0.22321428571428573
1 0.12834821428571427 0.6216517857142857 0.125 0.33035714285714285
0 0.27901785714285715 0.6060267857142857 0.07589285714285714 0.2544642857142857
0 0.5825892857142857 0.5792410714285714 0.08035714285714286 0.20982142857142858