1 0.7098214285714286 0.41517857142857145 0.049107142857142856 0.12946428571428573
1 0.6729910714285714 0.4296875 0.05803571428571429 0.140625
1 0.6339285714285714 0.4408482142857143 0.060267857142857144 0.13839285714285715
1 0.8872767857142857 0.41183035714285715 0.07589285714285714 0.15401785714285715
1 0.9642857142857143 0.41183035714285715 0.06919642857142858 0.203125
1 0.49888392857142855 0.5033482142857143 0.08705357142857142 0.22321428571428573
1 0.25892857142857145 0.5558035714285714 0.10267857142857142 0.23660714285714285
1 0.3158482142857143 0.5524553571428571 0.08705357142857142 0.24776785714285715
1 0.375 0.5680803571428571 0.109375 0.31026785714285715
1 0.43080357142857145 0.5658482142857143 0.11607142857142858 0.29910714285714285
1 0.5613839285714286 0.5412946428571429 0.140625 0.35044642857142855