1 0.7109375 0.41964285714285715 0.046875 0.12946428571428573
1 0.6741071428571429 0.4341517857142857 0.05580357142857143 0.140625
1 0.6350446428571429 0.4419642857142857 0.060267857142857144 0.13839285714285715
1 0.8895089285714286 0.41629464285714285 0.07366071428571429 0.15625
1 0.9665178571428571 0.41964285714285715 0.0625 0.20535714285714285
1 0.49776785714285715 0.5033482142857143 0.08258928571428571 0.22321428571428573
1 0.25892857142857145 0.5513392857142857 0.10044642857142858 0.234375
1 0.3158482142857143 0.5502232142857143 0.08482142857142858 0.24776785714285715
1 0.37388392857142855 0.5680803571428571 0.10491071428571429 0.31026785714285715
1 0.43191964285714285 0.5647321428571429 0.11160714285714286 0.29910714285714285
1 0.5591517857142857 0.5424107142857143 0.13392857142857142 0.35044642857142855