3 0.29017857142857145 0.6328125 0.34598214285714285 0.4642857142857143
3 0.5401785714285714 0.6450892857142857 0.3549107142857143 0.5379464285714286
1 0.9162946428571429 0.29910714285714285 0.07589285714285714 0.14732142857142858
1 0.9542410714285714 0.3236607142857143 0.08705357142857142 0.21428571428571427
1 0.8292410714285714 0.33482142857142855 0.09151785714285714 0.20982142857142858
1 0.6707589285714286 0.35267857142857145 0.08035714285714286 0.17633928571428573
1 0.625 0.35825892857142855 0.07589285714285714 0.14955357142857142
1 0.2890625 0.4296875 0.109375 0.21205357142857142
2 0.21763392857142858 0.47433035714285715 0.14508928571428573 0.30580357142857145
2 0.08705357142857142 0.5212053571428571 0.16071428571428573 0.3549107142857143
3 0.4029017857142857 0.5111607142857143 0.18303571428571427 0.30357142857142855