0 0.12276785714285714 0.5234375 0.06473214285714286 0.13169642857142858
1 0.5457589285714286 0.5323660714285714 0.19196428571428573 0.5022321428571429
0 0.31808035714285715 0.5491071428571429 0.06919642857142858 0.16517857142857142
0 0.5970982142857143 0.5424107142857143 0.109375 0.22321428571428573
0 0.2734375 0.5546875 0.07589285714285714 0.18526785714285715
0 0.3939732142857143 0.5569196428571429 0.08035714285714286 0.22767857142857142
1 0.7622767857142857 0.6462053571428571 0.34598214285714285 0.703125
0 0.5122767857142857 0.6841517857142857 0.14508928571428573 0.3325892857142857
1 0.16852678571428573 0.4375 0.08928571428571429 0.2700892857142857
1 0.20200892857142858 0.4654017857142857 0.11160714285714286 0.28348214285714285
1 0.34151785714285715 0.47767857142857145 0.09375 0.27232142857142855
1 0.7924107142857143 0.47879464285714285 0.17410714285714285 0.38392857142857145