0 0.9341517857142857 0.5904017857142857 0.06473214285714286 0.17857142857142858
0 0.11607142857142858 0.5513392857142857 0.05580357142857143 0.18080357142857142
0 0.5658482142857143 0.5770089285714286 0.05580357142857143 0.18526785714285715
0 0.7075892857142857 0.5859375 0.05133928571428571 0.1875
0 0.8225446428571429 0.5915178571428571 0.044642857142857144 0.18526785714285715
0 0.17299107142857142 0.5591517857142857 0.044642857142857144 0.16071428571428573
0 0.6294642857142857 0.5859375 0.044642857142857144 0.18973214285714285
0 0.5133928571428571 0.5848214285714286 0.060267857142857144 0.18080357142857142
0 0.33482142857142855 0.5747767857142857 0.046875 0.18080357142857142
0 0.3716517857142857 0.578125 0.05133928571428571 0.171875
0 0.43526785714285715 0.5814732142857143 0.05357142857142857 0.18526785714285715
0 0.24665178571428573 0.578125 0.05133928571428571 0.17633928571428573