0 0.12276785714285714 0.5167410714285714 0.06696428571428571 0.13392857142857142
1 0.5446428571428571 0.5334821428571429 0.20089285714285715 0.5044642857142857
0 0.31808035714285715 0.5457589285714286 0.07142857142857142 0.16741071428571427
0 0.5959821428571429 0.5435267857142857 0.11383928571428571 0.22544642857142858
0 0.27232142857142855 0.5513392857142857 0.08035714285714286 0.1875
0 0.39285714285714285 0.5546875 0.08482142857142858 0.22991071428571427
1 0.7589285714285714 0.6473214285714286 0.35714285714285715 0.7008928571428571
0 0.5100446428571429 0.6841517857142857 0.14955357142857142 0.33482142857142855
1 0.16964285714285715 0.43191964285714285 0.09375 0.27232142857142855
1 0.203125 0.45982142857142855 0.11830357142857142 0.2857142857142857
1 0.34151785714285715 0.47433035714285715 0.09821428571428571 0.27455357142857145
1 0.7935267857142857 0.48325892857142855 0.18080357142857142 0.3861607142857143