1 0.15513392857142858 0.5323660714285714 0.10491071428571429 0.29464285714285715
1 0.6372767857142857 0.5848214285714286 0.06919642857142858 0.26785714285714285
1 0.7633928571428571 0.5970982142857143 0.06696428571428571 0.26785714285714285
1 0.8604910714285714 0.6104910714285714 0.078125 0.28125
1 0.7232142857142857 0.6015625 0.05357142857142857 0.26339285714285715
1 0.5591517857142857 0.5926339285714286 0.078125 0.28125
2 0.6863839285714286 0.6026785714285714 0.078125 0.2544642857142857
1 0.28348214285714285 0.5714285714285714 0.07366071428571429 0.2700892857142857
2 0.17075892857142858 0.5636160714285714 0.08258928571428571 0.25669642857142855
2 0.8080357142857143 0.625 0.07142857142857142 0.23883928571428573
1 0.6116071428571429 0.6104910714285714 0.06919642857142858 0.2544642857142857
1 0.46651785714285715 0.5982142857142857 0.05803571428571429 0.26339285714285715
1 0.4185267857142857 0.6060267857142857 0.07589285714285714 0.25
2 0.3627232142857143 0.6015625 0.06696428571428571 0.23214285714285715
2 0.48660714285714285 0.6183035714285714 0.05357142857142857 0.22544642857142858
2 0.24107142857142858 0.6015625 0.0625 0.24107142857142858