2 0.0859375 0.6685267857142857 0.171875 0.6584821428571429
2 0.7924107142857143 0.24665178571428573 0.0625 0.234375
1 0.5758928571428571 0.27455357142857145 0.05580357142857143 0.18973214285714285
1 0.8604910714285714 0.24665178571428573 0.06919642857142858 0.24330357142857142
1 0.6205357142857143 0.27232142857142855 0.049107142857142856 0.19419642857142858
1 0.6540178571428571 0.2857142857142857 0.06696428571428571 0.22767857142857142
1 0.7555803571428571 0.28236607142857145 0.07589285714285714 0.28348214285714285
1 0.9475446428571429 0.26450892857142855 0.06696428571428571 0.25223214285714285
1 0.44308035714285715 0.35825892857142855 0.09375 0.31473214285714285
1 0.5535714285714286 0.38058035714285715 0.09821428571428571 0.359375
1 0.29464285714285715 0.6138392857142857 0.29464285714285715 0.7678571428571429