2 0.06473214285714286 0.6227678571428571 0.12946428571428573 0.7053571428571429
2 0.828125 0.29575892857142855 0.049107142857142856 0.23214285714285715
1 0.6104910714285714 0.2890625 0.044642857142857144 0.18973214285714285
1 0.8962053571428571 0.30580357142857145 0.05580357142857143 0.24107142857142858
1 0.6551339285714286 0.2935267857142857 0.03794642857142857 0.19419642857142858
1 0.6852678571428571 0.31138392857142855 0.05580357142857143 0.22767857142857142
1 0.7868303571428571 0.3247767857142857 0.0625 0.28125
1 0.9743303571428571 0.33705357142857145 0.046875 0.2544642857142857
1 0.46651785714285715 0.35044642857142855 0.078125 0.3125
1 0.5714285714285714 0.390625 0.078125 0.359375
1 0.27566964285714285 0.5948660714285714 0.25223214285714285 0.7879464285714286