0 0.0625 0.5602678571428571 0.078125 0.18526785714285715
0 0.8805803571428571 0.5758928571428571 0.06919642857142858 0.18526785714285715
0 0.4296875 0.5714285714285714 0.07142857142857142 0.18973214285714285
0 0.2857142857142857 0.5691964285714286 0.06473214285714286 0.19196428571428573
0 0.17299107142857142 0.5703125 0.05580357142857143 0.1875
0 0.8214285714285714 0.5825892857142857 0.05357142857142857 0.16294642857142858
0 0.36607142857142855 0.5758928571428571 0.05803571428571429 0.19196428571428573
0 0.4799107142857143 0.5814732142857143 0.07366071428571429 0.18526785714285715
0 0.6595982142857143 0.5859375 0.05803571428571429 0.18303571428571427
0 0.6227678571428571 0.5870535714285714 0.0625 0.17410714285714285
0 0.5591517857142857 0.5881696428571429 0.06473214285714286 0.18973214285714285
0 0.7477678571428571 0.5948660714285714 0.0625 0.17857142857142858