1 0.16071428571428573 0.5613839285714286 0.140625 0.30580357142857145
1 0.6428571428571429 0.5725446428571429 0.10044642857142858 0.27232142857142855
1 0.7700892857142857 0.5758928571428571 0.10044642857142858 0.27232142857142855
1 0.8683035714285714 0.5803571428571429 0.109375 0.2857142857142857
1 0.7310267857142857 0.5814732142857143 0.08482142857142858 0.26785714285714285
1 0.5658482142857143 0.5870535714285714 0.109375 0.2857142857142857
2 0.6964285714285714 0.5870535714285714 0.10714285714285714 0.25892857142857145
1 0.2924107142857143 0.5892857142857143 0.10491071428571429 0.27455357142857145
2 0.17857142857142858 0.59375 0.11383928571428571 0.2611607142857143
2 0.8158482142857143 0.5970982142857143 0.10044642857142858 0.24553571428571427
1 0.6205357142857143 0.6004464285714286 0.10044642857142858 0.2611607142857143
1 0.47433035714285715 0.6026785714285714 0.08928571428571429 0.26785714285714285
1 0.4263392857142857 0.6116071428571429 0.10491071428571429 0.25669642857142855
2 0.37388392857142855 0.6138392857142857 0.09375 0.23883928571428573
2 0.49888392857142855 0.6160714285714286 0.08482142857142858 0.234375
2 0.25111607142857145 0.6238839285714286 0.08928571428571429 0.24553571428571427