1 0.7667410714285714 0.5993303571428571 0.08482142857142858 0.23214285714285715
1 0.828125 0.20200892857142858 0.078125 0.20982142857142858
1 0.21875 0.20870535714285715 0.08482142857142858 0.16517857142857142
1 0.46763392857142855 0.27232142857142855 0.060267857142857144 0.21428571428571427
1 0.6350446428571429 0.2845982142857143 0.08705357142857142 0.22321428571428573
1 0.31808035714285715 0.3236607142857143 0.07142857142857142 0.21875
1 0.13504464285714285 0.34375 0.0625 0.20089285714285715
1 0.7276785714285714 0.34486607142857145 0.09821428571428571 0.20089285714285715
1 0.43973214285714285 0.4095982142857143 0.08928571428571429 0.23883928571428573
1 0.18191964285714285 0.484375 0.06696428571428571 0.23660714285714285
1 0.5904017857142857 0.5323660714285714 0.06919642857142858 0.19642857142857142