1 0.9497767857142857 0.5714285714285714 0.09598214285714286 0.48214285714285715
1 0.08705357142857142 0.7689732142857143 0.16964285714285715 0.4575892857142857
1 0.7912946428571429 0.6506696428571429 0.18303571428571427 0.44642857142857145
0 0.7243303571428571 0.7120535714285714 0.12053571428571429 0.296875
0 0.5390625 0.7589285714285714 0.16071428571428573 0.390625
1 0.6685267857142857 0.4888392857142857 0.08928571428571429 0.234375
0 0.5401785714285714 0.5334821428571429 0.08705357142857142 0.22544642857142858
1 0.38950892857142855 0.5658482142857143 0.10044642857142858 0.28348214285714285
0 0.34151785714285715 0.5982142857142857 0.08928571428571429 0.22544642857142858
1 0.140625 0.6540178571428571 0.140625 0.33705357142857145
0 0.2890625 0.6238839285714286 0.08928571428571429 0.25669642857142855
0 0.5892857142857143 0.5725446428571429 0.09151785714285714 0.21428571428571427