1 0.15401785714285715 0.5078125 0.125 0.3013392857142857
1 0.6305803571428571 0.5948660714285714 0.08705357142857142 0.27232142857142855
1 0.7555803571428571 0.6149553571428571 0.08482142857142858 0.2700892857142857
1 0.8526785714285714 0.6350446428571429 0.09598214285714286 0.28348214285714285
1 0.7165178571428571 0.6160714285714286 0.07142857142857142 0.265625
1 0.5524553571428571 0.5959821428571429 0.09598214285714286 0.28348214285714285
2 0.6796875 0.6149553571428571 0.09598214285714286 0.25669642857142855
1 0.27901785714285715 0.5558035714285714 0.09151785714285714 0.27455357142857145
2 0.16741071428571427 0.5401785714285714 0.10044642857142858 0.2611607142857143
2 0.7991071428571429 0.6462053571428571 0.08705357142857142 0.24330357142857142
1 0.6037946428571429 0.6183035714285714 0.08705357142857142 0.25892857142857145
1 0.45982142857142855 0.5959821428571429 0.07589285714285714 0.265625
1 0.41183035714285715 0.5993303571428571 0.09375 0.25223214285714285
2 0.3560267857142857 0.5915178571428571 0.08258928571428571 0.23660714285714285
2 0.47879464285714285 0.6171875 0.06919642857142858 0.22991071428571427
2 0.23549107142857142 0.5837053571428571 0.078125 0.24330357142857142