0 0.06138392857142857 0.5535714285714286 0.07366071428571429 0.18303571428571427
0 0.8783482142857143 0.5825892857142857 0.06473214285714286 0.18303571428571427
0 0.42857142857142855 0.5691964285714286 0.06696428571428571 0.1875
0 0.2845982142857143 0.5647321428571429 0.0625 0.19196428571428573
0 0.171875 0.5636160714285714 0.05357142857142857 0.1875
0 0.8203125 0.5881696428571429 0.05133928571428571 0.16294642857142858
0 0.36495535714285715 0.5725446428571429 0.05580357142857143 0.19196428571428573
0 0.47879464285714285 0.5814732142857143 0.06919642857142858 0.18303571428571427
0 0.6573660714285714 0.5892857142857143 0.05580357142857143 0.18303571428571427
0 0.6205357142857143 0.5881696428571429 0.05803571428571429 0.17410714285714285
0 0.5569196428571429 0.5881696428571429 0.0625 0.18973214285714285
0 0.7466517857142857 0.5993303571428571 0.060267857142857144 0.17857142857142858