0 0.12388392857142858 0.5301339285714286 0.0625 0.13169642857142858
1 0.5457589285714286 0.53125 0.18303571428571427 0.49776785714285715
0 0.31919642857142855 0.5513392857142857 0.06696428571428571 0.16517857142857142
0 0.5982142857142857 0.5401785714285714 0.10491071428571429 0.22098214285714285
0 0.27455357142857145 0.5591517857142857 0.07366071428571429 0.18526785714285715
0 0.3950892857142857 0.5591517857142857 0.078125 0.22767857142857142
1 0.7645089285714286 0.6428571428571429 0.3325892857142857 0.7008928571428571
0 0.515625 0.6841517857142857 0.13839285714285715 0.33035714285714285
1 0.16741071428571427 0.44419642857142855 0.08482142857142858 0.2700892857142857
1 0.20200892857142858 0.47098214285714285 0.10714285714285714 0.28125
1 0.34151785714285715 0.4799107142857143 0.08928571428571429 0.27232142857142855
1 0.7924107142857143 0.4732142857142857 0.16741071428571427 0.38169642857142855