0 0.04352678571428571 0.5770089285714286 0.08035714285714286 0.2544642857142857
0 0.6071428571428571 0.5848214285714286 0.06919642857142858 0.2767857142857143
1 0.20870535714285715 0.35714285714285715 0.13392857142857142 0.20535714285714285
1 0.9252232142857143 0.39620535714285715 0.125 0.30357142857142855
1 0.7354910714285714 0.4107142857142857 0.11607142857142858 0.45535714285714285
0 0.11941964285714286 0.49330357142857145 0.08035714285714286 0.19642857142857142
0 0.23214285714285715 0.4955357142857143 0.07589285714285714 0.20089285714285715
0 0.5044642857142857 0.48325892857142855 0.06696428571428571 0.22098214285714285
0 0.44308035714285715 0.5111607142857143 0.06473214285714286 0.23214285714285715
0 0.5535714285714286 0.5133928571428571 0.05580357142857143 0.25669642857142855
0 0.37723214285714285 0.5223214285714286 0.09598214285714286 0.26339285714285715
0 0.3013392857142857 0.5301339285714286 0.08928571428571429 0.22767857142857142
0 0.6729910714285714 0.5379464285714286 0.06696428571428571 0.23214285714285715