2 0.9140625 0.6651785714285714 0.16741071428571427 0.6651785714285714
2 0.20758928571428573 0.24665178571428573 0.06473214285714286 0.23214285714285715
1 0.42410714285714285 0.27455357142857145 0.05357142857142857 0.18973214285714285
1 0.14285714285714285 0.24776785714285715 0.06919642857142858 0.24776785714285715
1 0.3794642857142857 0.2734375 0.049107142857142856 0.19642857142857142
1 0.3482142857142857 0.2845982142857143 0.06919642857142858 0.22991071428571427
1 0.24776785714285715 0.28348214285714285 0.07589285714285714 0.28348214285714285
1 0.05357142857142857 0.26339285714285715 0.06696428571428571 0.25223214285714285
1 0.5558035714285714 0.35825892857142855 0.09375 0.31473214285714285
1 0.44754464285714285 0.3794642857142857 0.09598214285714286 0.3638392857142857
1 0.7075892857142857 0.6116071428571429 0.29910714285714285 0.7723214285714286