1 0.26674107142857145 0.5970982142857143 0.05580357142857143 0.2544642857142857
1 0.3515625 0.5970982142857143 0.06473214285714286 0.27232142857142855
1 0.40736607142857145 0.5959821428571429 0.07366071428571429 0.25223214285714285
1 0.14174107142857142 0.6149553571428571 0.05357142857142857 0.24107142857142858
1 0.48995535714285715 0.6015625 0.05803571428571429 0.25669642857142855
1 0.5736607142857143 0.5970982142857143 0.05357142857142857 0.25223214285714285
1 0.9754464285714286 0.5803571428571429 0.046875 0.26339285714285715
1 0.22209821428571427 0.6194196428571429 0.06696428571428571 0.265625
1 0.9006696428571429 0.5848214285714286 0.07142857142857142 0.26785714285714285
1 0.09598214285714286 0.6283482142857143 0.07142857142857142 0.265625
1 0.6205357142857143 0.6026785714285714 0.07142857142857142 0.27455357142857145
1 0.8549107142857143 0.5904017857142857 0.0625 0.2544642857142857
1 0.7444196428571429 0.6071428571428571 0.07366071428571429 0.27455357142857145
1 0.5256696428571429 0.6305803571428571 0.060267857142857144 0.25669642857142855
1 0.31473214285714285 0.6473214285714286 0.08258928571428571 0.26339285714285715