1 0.7734375 0.5758928571428571 0.078125 0.22991071428571427
1 0.8024553571428571 0.17522321428571427 0.07589285714285714 0.20758928571428573
1 0.19419642857142858 0.23549107142857142 0.08258928571428571 0.16294642857142858
1 0.44642857142857145 0.27566964285714285 0.060267857142857144 0.21205357142857142
1 0.6149553571428571 0.27455357142857145 0.08258928571428571 0.22321428571428573
1 0.30357142857142855 0.34151785714285715 0.06919642857142858 0.21875
1 0.12388392857142858 0.37723214285714285 0.060267857142857144 0.19866071428571427
1 0.7120535714285714 0.32589285714285715 0.09375 0.19866071428571427
1 0.43191964285714285 0.41629464285714285 0.08482142857142858 0.23883928571428573
1 0.18303571428571427 0.5145089285714286 0.0625 0.234375
1 0.5915178571428571 0.5267857142857143 0.06696428571428571 0.19419642857142858