1 0.7098214285714286 0.41517857142857145 0.049107142857142856 0.12946428571428573
1 0.6729910714285714 0.43080357142857145 0.05803571428571429 0.140625
1 0.6339285714285714 0.43973214285714285 0.0625 0.13839285714285715
1 0.8872767857142857 0.40848214285714285 0.07589285714285714 0.15625
1 0.9654017857142857 0.4107142857142857 0.06473214285714286 0.20535714285714285
1 0.49776785714285715 0.5033482142857143 0.08482142857142858 0.22321428571428573
1 0.26004464285714285 0.5558035714285714 0.10267857142857142 0.234375
1 0.3169642857142857 0.5535714285714286 0.08705357142857142 0.24776785714285715
1 0.375 0.5703125 0.109375 0.3125
1 0.4330357142857143 0.5658482142857143 0.11607142857142858 0.3013392857142857
1 0.5591517857142857 0.5412946428571429 0.140625 0.35267857142857145