1 0.5279017857142857 0.5636160714285714 0.029017857142857144 0.08705357142857142
1 0.5591517857142857 0.5703125 0.033482142857142856 0.09375
1 0.6819196428571429 0.6104910714285714 0.04241071428571429 0.12723214285714285
1 0.7120535714285714 0.6941964285714286 0.05803571428571429 0.16741071428571427
1 0.3080357142857143 0.6964285714285714 0.049107142857142856 0.16741071428571427
1 0.5446428571428571 0.7321428571428571 0.06919642857142858 0.22544642857142858
1 0.2533482142857143 0.7377232142857143 0.08928571428571429 0.20758928571428573
1 0.8616071428571429 0.7979910714285714 0.10267857142857142 0.27232142857142855
1 0.9319196428571429 0.8214285714285714 0.11383928571428571 0.35267857142857145
1 0.41294642857142855 0.8058035714285714 0.11607142857142858 0.38169642857142855
1 0.48660714285714285 0.8102678571428571 0.08928571428571429 0.37276785714285715
1 0.07366071428571429 0.8046875 0.14732142857142858 0.3236607142857143