0 0.8727678571428571 0.5703125 0.06696428571428571 0.13169642857142858
1 0.453125 0.5256696428571429 0.19866071428571427 0.49776785714285715
0 0.6763392857142857 0.5703125 0.06919642857142858 0.16517857142857142
0 0.40066964285714285 0.5290178571428571 0.11160714285714286 0.22321428571428573
0 0.7198660714285714 0.5825892857142857 0.08035714285714286 0.18526785714285715
0 0.5993303571428571 0.5703125 0.08482142857142858 0.22991071428571427
1 0.22321428571428573 0.6160714285714286 0.35267857142857145 0.703125
0 0.4654017857142857 0.6808035714285714 0.14955357142857142 0.3325892857142857
1 0.8404017857142857 0.4799107142857143 0.09375 0.26785714285714285
1 0.8013392857142857 0.5022321428571429 0.11830357142857142 0.28348214285714285
1 0.6595982142857143 0.4955357142857143 0.09821428571428571 0.2700892857142857
1 0.21428571428571427 0.4419642857142857 0.17633928571428573 0.38392857142857145