3 0.2935267857142857 0.6361607142857143 0.28125 0.4263392857142857
3 0.5424107142857143 0.6428571428571429 0.28125 0.5
1 0.9129464285714286 0.2924107142857143 0.05580357142857143 0.140625
1 0.9564732142857143 0.3158482142857143 0.06696428571428571 0.20535714285714285
1 0.8270089285714286 0.33035714285714285 0.060267857142857144 0.20535714285714285
1 0.6685267857142857 0.34933035714285715 0.05357142857142857 0.16964285714285715
1 0.625 0.3549107142857143 0.05357142857142857 0.14508928571428573
1 0.2890625 0.43191964285714285 0.078125 0.203125
2 0.21651785714285715 0.47879464285714285 0.10044642857142858 0.2924107142857143
2 0.08816964285714286 0.5267857142857143 0.109375 0.34151785714285715
3 0.4029017857142857 0.5122767857142857 0.140625 0.28348214285714285