0 0.8783482142857143 0.5245535714285714 0.078125 0.13839285714285715
1 0.4564732142857143 0.53125 0.24107142857142858 0.5133928571428571
0 0.6830357142857143 0.5479910714285714 0.08258928571428571 0.16964285714285715
0 0.40401785714285715 0.5412946428571429 0.13169642857142858 0.23214285714285715
0 0.7276785714285714 0.5558035714285714 0.09598214285714286 0.18973214285714285
0 0.6071428571428571 0.5569196428571429 0.10491071428571429 0.23660714285714285
1 0.24107142857142858 0.640625 0.41517857142857145 0.7142857142857143
0 0.4877232142857143 0.6841517857142857 0.17857142857142858 0.34151785714285715
1 0.8359375 0.43861607142857145 0.11607142857142858 0.27455357142857145
1 0.7991071428571429 0.4654017857142857 0.140625 0.2924107142857143
1 0.6584821428571429 0.4765625 0.12053571428571429 0.2767857142857143
1 0.20870535714285715 0.4765625 0.20982142857142858 0.39732142857142855