1 0.9475446428571429 0.5569196428571429 0.10044642857142858 0.484375
1 0.09933035714285714 0.7745535714285714 0.18526785714285715 0.44642857142857145
1 0.796875 0.640625 0.19642857142857142 0.4486607142857143
0 0.7310267857142857 0.7053571428571429 0.13169642857142858 0.29910714285714285
0 0.5502232142857143 0.7578125 0.17410714285714285 0.39285714285714285
1 0.6662946428571429 0.48214285714285715 0.09375 0.234375
0 0.5446428571428571 0.5323660714285714 0.09598214285714286 0.22767857142857142
1 0.390625 0.5703125 0.11160714285714286 0.2857142857142857
0 0.34598214285714285 0.6026785714285714 0.09598214285714286 0.22767857142857142
1 0.1484375 0.6651785714285714 0.15401785714285715 0.3392857142857143
0 0.29464285714285715 0.6328125 0.09821428571428571 0.25892857142857145
0 0.5915178571428571 0.5703125 0.09821428571428571 0.21428571428571427