1 0.7723214285714286 0.5803571428571429 0.07589285714285714 0.22767857142857142
1 0.8080357142857143 0.18080357142857142 0.07142857142857142 0.20535714285714285
1 0.19866071428571427 0.22991071428571427 0.08035714285714286 0.16071428571428573
1 0.45089285714285715 0.27455357142857145 0.05580357142857143 0.21205357142857142
1 0.6194196428571429 0.2767857142857143 0.08035714285714286 0.22098214285714285
1 0.30691964285714285 0.33816964285714285 0.06473214285714286 0.21875
1 0.12611607142857142 0.3705357142857143 0.05580357142857143 0.19642857142857142
1 0.7154017857142857 0.32924107142857145 0.08928571428571429 0.19642857142857142
1 0.4330357142857143 0.41517857142857145 0.08035714285714286 0.23660714285714285
1 0.18303571428571427 0.5089285714285714 0.05803571428571429 0.23214285714285715
1 0.5915178571428571 0.5279017857142857 0.0625 0.19419642857142858