1 0.16294642857142858 0.5736607142857143 0.13169642857142858 0.30357142857142855
1 0.6450892857142857 0.5669642857142857 0.09151785714285714 0.2700892857142857
1 0.7723214285714286 0.5658482142857143 0.09151785714285714 0.2700892857142857
1 0.8716517857142857 0.5669642857142857 0.10044642857142858 0.28348214285714285
1 0.7332589285714286 0.5736607142857143 0.07589285714285714 0.265625
1 0.5691964285714286 0.5848214285714286 0.10044642857142858 0.28348214285714285
2 0.6986607142857143 0.5803571428571429 0.09821428571428571 0.25669642857142855
1 0.29575892857142855 0.5959821428571429 0.09598214285714286 0.27455357142857145
2 0.18191964285714285 0.6049107142857143 0.10491071428571429 0.25892857142857145
2 0.8191964285714286 0.5859375 0.09375 0.24330357142857142
1 0.6238839285714286 0.5959821428571429 0.09151785714285714 0.25892857142857145
1 0.47767857142857145 0.6037946428571429 0.08035714285714286 0.265625
1 0.43080357142857145 0.6138392857142857 0.09598214285714286 0.2544642857142857
2 0.37723214285714285 0.6183035714285714 0.08482142857142858 0.23660714285714285
2 0.5033482142857143 0.6160714285714286 0.07589285714285714 0.23214285714285715
2 0.25558035714285715 0.6328125 0.08035714285714286 0.24330357142857142