1 0.22098214285714285 0.5513392857142857 0.09821428571428571 0.234375
1 0.22879464285714285 0.15066964285714285 0.09375 0.21205357142857142
1 0.828125 0.26339285714285715 0.09598214285714286 0.16741071428571427
1 0.5725446428571429 0.28125 0.078125 0.21651785714285715
1 0.40401785714285715 0.265625 0.10267857142857142 0.22767857142857142
1 0.7120535714285714 0.359375 0.08705357142857142 0.22321428571428573
1 0.8872767857142857 0.4107142857142857 0.07589285714285714 0.203125
1 0.30357142857142855 0.3080357142857143 0.109375 0.20535714285714285
1 0.5758928571428571 0.42299107142857145 0.10491071428571429 0.24553571428571427
1 0.8169642857142857 0.5424107142857143 0.08258928571428571 0.23883928571428573
1 0.40625 0.5178571428571429 0.08258928571428571 0.19866071428571427