2 0.8102678571428571 0.515625 0.22321428571428573 0.609375
3 0.48995535714285715 0.6261160714285714 0.22991071428571427 0.43080357142857145
1 0.5256696428571429 0.4252232142857143 0.12723214285714285 0.31473214285714285
1 0.9129464285714286 0.42410714285714285 0.14285714285714285 0.3549107142857143
1 0.33482142857142855 0.5011160714285714 0.11383928571428571 0.35044642857142855
1 0.29910714285714285 0.5111607142857143 0.11160714285714286 0.41517857142857145
1 0.42857142857142855 0.4955357142857143 0.17857142857142858 0.47767857142857145
1 0.6439732142857143 0.47544642857142855 0.17410714285714285 0.484375
1 0.15401785714285715 0.5368303571428571 0.14732142857142858 0.4107142857142857
2 0.09151785714285714 0.5491071428571429 0.109375 0.33482142857142855
1 0.25223214285714285 0.5345982142857143 0.140625 0.453125