2 0.06696428571428571 0.6540178571428571 0.13392857142857142 0.6875
2 0.8091517857142857 0.26785714285714285 0.046875 0.23214285714285715
1 0.5915178571428571 0.28013392857142855 0.04241071428571429 0.18973214285714285
1 0.8772321428571429 0.27232142857142855 0.05133928571428571 0.24107142857142858
1 0.6361607142857143 0.28125 0.03571428571428571 0.19196428571428573
1 0.6685267857142857 0.296875 0.05133928571428571 0.22767857142857142
1 0.7700892857142857 0.3002232142857143 0.05803571428571429 0.28125
1 0.9631696428571429 0.29575892857142855 0.049107142857142856 0.25223214285714285
1 0.453125 0.35379464285714285 0.07366071428571429 0.3125
1 0.5613839285714286 0.38504464285714285 0.07366071428571429 0.35714285714285715
1 0.2857142857142857 0.609375 0.24107142857142858 0.7767857142857143