1 0.7622767857142857 0.6082589285714286 0.09821428571428571 0.234375
1 0.8392857142857143 0.21428571428571427 0.09375 0.21205357142857142
1 0.22879464285714285 0.19977678571428573 0.09598214285714286 0.16741071428571427
1 0.47433035714285715 0.27120535714285715 0.078125 0.21651785714285715
1 0.6417410714285714 0.29017857142857145 0.10267857142857142 0.22767857142857142
1 0.3247767857142857 0.31919642857142855 0.08705357142857142 0.22321428571428573
1 0.14174107142857142 0.3325892857142857 0.07589285714285714 0.203125
1 0.7321428571428571 0.35267857142857145 0.109375 0.20535714285714285
1 0.4419642857142857 0.40848214285714285 0.10491071428571429 0.24553571428571427
1 0.18415178571428573 0.47544642857142855 0.08258928571428571 0.23883928571428573
1 0.5881696428571429 0.5368303571428571 0.08258928571428571 0.19866071428571427