0 0.9520089285714286 0.4720982142857143 0.09151785714285714 0.265625
0 0.41629464285714285 0.6082589285714286 0.10267857142857142 0.28348214285714285
1 0.7511160714285714 0.29464285714285715 0.16071428571428573 0.22098214285714285
1 0.07254464285714286 0.4955357142857143 0.14508928571428573 0.3169642857142857
1 0.25 0.4642857142857143 0.16964285714285715 0.46875
0 0.8705357142857143 0.40513392857142855 0.10491071428571429 0.20535714285714285
0 0.7611607142857143 0.4341517857142857 0.09821428571428571 0.20982142857142858
0 0.49107142857142855 0.484375 0.09598214285714286 0.22767857142857142
0 0.5591517857142857 0.4966517857142857 0.09375 0.23883928571428573
0 0.45200892857142855 0.5234375 0.08482142857142858 0.2611607142857143
0 0.6261160714285714 0.49330357142857145 0.125 0.27232142857142855
0 0.7020089285714286 0.484375 0.11383928571428571 0.23660714285714285
0 0.3404017857142857 0.5747767857142857 0.09598214285714286 0.23660714285714285