2 0.8069196428571429 0.5424107142857143 0.19419642857142858 0.6004464285714286
3 0.47879464285714285 0.625 0.20982142857142858 0.421875
1 0.5323660714285714 0.42745535714285715 0.11160714285714286 0.31026785714285715
1 0.9185267857142857 0.4609375 0.125 0.35044642857142855
1 0.33482142857142855 0.48660714285714285 0.09598214285714286 0.3482142857142857
1 0.29910714285714285 0.49330357142857145 0.09151785714285714 0.41294642857142855
1 0.42857142857142855 0.48995535714285715 0.15401785714285715 0.47098214285714285
1 0.6450892857142857 0.4877232142857143 0.14955357142857142 0.47767857142857145
1 0.15178571428571427 0.5066964285714286 0.12723214285714285 0.40625
2 0.08928571428571429 0.5133928571428571 0.09375 0.33035714285714285
1 0.25 0.5122767857142857 0.11830357142857142 0.4486607142857143