1 0.5256696428571429 0.5647321428571429 0.033482142857142856 0.08928571428571429
1 0.5569196428571429 0.5725446428571429 0.03794642857142857 0.09598214285714286
1 0.6774553571428571 0.6160714285714286 0.046875 0.12723214285714285
1 0.7053571428571429 0.7008928571428571 0.06473214285714286 0.16964285714285715
1 0.3013392857142857 0.6897321428571429 0.05580357142857143 0.16964285714285715
1 0.5368303571428571 0.7332589285714286 0.078125 0.22767857142857142
1 0.24553571428571427 0.7299107142857143 0.09598214285714286 0.20982142857142858
1 0.8504464285714286 0.8113839285714286 0.11160714285714286 0.27455357142857145
1 0.9196428571428571 0.828125 0.125 0.3392857142857143
1 0.4029017857142857 0.8035714285714286 0.12946428571428573 0.38392857142857145
1 0.4765625 0.8091517857142857 0.10267857142857142 0.375
1 0.07142857142857142 0.7890625 0.14285714285714285 0.328125