2 0.20200892857142858 0.578125 0.20089285714285715 0.6026785714285714
3 0.5379464285714286 0.6227678571428571 0.21651785714285715 0.42410714285714285
1 0.46205357142857145 0.4341517857142857 0.11607142857142858 0.31026785714285715
1 0.08147321428571429 0.5111607142857143 0.12946428571428573 0.35267857142857145
1 0.6607142857142857 0.46763392857142855 0.10044642857142858 0.3482142857142857
1 0.7008928571428571 0.46763392857142855 0.09821428571428571 0.4107142857142857
1 0.5714285714285714 0.48214285714285715 0.16071428571428573 0.4732142857142857
1 0.35714285714285715 0.5055803571428571 0.15625 0.47767857142857145
1 0.8459821428571429 0.46316964285714285 0.13392857142857142 0.40625
2 0.9107142857142857 0.46205357142857145 0.09598214285714286 0.33035714285714285
1 0.75 0.48325892857142855 0.125 0.44642857142857145