0 0.9229910714285714 0.6350446428571429 0.078125 0.18303571428571427
0 0.11272321428571429 0.5111607142857143 0.06696428571428571 0.18526785714285715
0 0.5580357142857143 0.5837053571428571 0.06919642857142858 0.18973214285714285
0 0.6975446428571429 0.6071428571428571 0.06473214285714286 0.19196428571428573
0 0.8113839285714286 0.625 0.05803571428571429 0.1875
0 0.16852678571428573 0.5245535714285714 0.05580357142857143 0.16294642857142858
0 0.6205357142857143 0.5993303571428571 0.05803571428571429 0.19196428571428573
0 0.5044642857142857 0.5859375 0.07366071428571429 0.18526785714285715
0 0.328125 0.5569196428571429 0.05803571428571429 0.18303571428571427
0 0.36495535714285715 0.5647321428571429 0.0625 0.17410714285714285
0 0.42745535714285715 0.5747767857142857 0.06696428571428571 0.18973214285714285
0 0.23995535714285715 0.5513392857142857 0.0625 0.17857142857142858