2 0.20870535714285715 0.5982142857142857 0.24330357142857142 0.6160714285714286
3 0.546875 0.6194196428571429 0.24553571428571427 0.4375
1 0.4575892857142857 0.4375 0.13616071428571427 0.3169642857142857
1 0.08370535714285714 0.5401785714285714 0.15401785714285715 0.36160714285714285
1 0.6584821428571429 0.4564732142857143 0.125 0.3549107142857143
1 0.6986607142857143 0.45424107142857145 0.12723214285714285 0.4174107142857143
1 0.5703125 0.47767857142857145 0.19419642857142858 0.484375
1 0.35825892857142855 0.515625 0.18973214285714285 0.4888392857142857
1 0.8426339285714286 0.43861607142857145 0.16294642857142858 0.41517857142857145
2 0.9073660714285714 0.4330357142857143 0.11830357142857142 0.33705357142857145
1 0.7477678571428571 0.4654017857142857 0.15625 0.45535714285714285