0 0.8683035714285714 0.5892857142857143 0.07366071428571429 0.13616071428571427
1 0.45089285714285715 0.5234375 0.22321428571428573 0.5066964285714286
0 0.671875 0.5792410714285714 0.078125 0.16741071428571427
0 0.3984375 0.5245535714285714 0.12276785714285714 0.22767857142857142
0 0.7154017857142857 0.5948660714285714 0.08928571428571429 0.1875
0 0.5959821428571429 0.5747767857142857 0.09821428571428571 0.234375
1 0.21763392857142858 0.6015625 0.38839285714285715 0.71875
0 0.4564732142857143 0.6796875 0.16741071428571427 0.3392857142857143
1 0.8415178571428571 0.49776785714285715 0.10714285714285714 0.27232142857142855
1 0.8013392857142857 0.5178571428571429 0.13169642857142858 0.28794642857142855
1 0.6595982142857143 0.5044642857142857 0.11160714285714286 0.27455357142857145
1 0.21763392857142858 0.4263392857142857 0.19642857142857142 0.39285714285714285