1 0.7209821428571429 0.4564732142857143 0.03571428571428571 0.125
1 0.6830357142857143 0.4642857142857143 0.04017857142857143 0.13616071428571427
1 0.6439732142857143 0.4642857142857143 0.046875 0.13392857142857142
1 0.8995535714285714 0.48660714285714285 0.05803571428571429 0.15178571428571427
1 0.9732142857142857 0.5011160714285714 0.049107142857142856 0.203125
1 0.49776785714285715 0.5022321428571429 0.060267857142857144 0.21875
1 0.2533482142857143 0.5111607142857143 0.078125 0.22767857142857142
1 0.3091517857142857 0.515625 0.05803571428571429 0.24553571428571427
1 0.3638392857142857 0.5424107142857143 0.07366071428571429 0.30357142857142855
1 0.42299107142857145 0.5502232142857143 0.08258928571428571 0.29017857142857145
1 0.5513392857142857 0.5513392857142857 0.10044642857142858 0.34151785714285715