0 0.05803571428571429 0.5145089285714286 0.07142857142857142 0.18303571428571427
0 0.8705357142857143 0.6160714285714286 0.0625 0.18303571428571427
0 0.42299107142857145 0.5636160714285714 0.06473214285714286 0.1875
0 0.27901785714285715 0.5457589285714286 0.05803571428571429 0.19196428571428573
0 0.16741071428571427 0.5357142857142857 0.049107142857142856 0.1875
0 0.8113839285714286 0.6160714285714286 0.049107142857142856 0.16294642857142858
0 0.359375 0.5613839285714286 0.05133928571428571 0.19196428571428573
0 0.4720982142857143 0.5792410714285714 0.06696428571428571 0.18303571428571427
0 0.6495535714285714 0.6026785714285714 0.05133928571428571 0.18303571428571427
0 0.6127232142857143 0.5993303571428571 0.05580357142857143 0.171875
0 0.5491071428571429 0.59375 0.05803571428571429 0.18973214285714285
0 0.7366071428571429 0.6194196428571429 0.05580357142857143 0.17633928571428573