3 0.29799107142857145 0.6439732142857143 0.29464285714285715 0.43526785714285715
3 0.546875 0.640625 0.296875 0.5066964285714286
1 0.9051339285714286 0.2779017857142857 0.060267857142857144 0.140625
1 0.9497767857142857 0.3002232142857143 0.07366071428571429 0.20535714285714285
1 0.8214285714285714 0.31919642857142855 0.06696428571428571 0.20535714285714285
1 0.6629464285714286 0.34375 0.05803571428571429 0.16964285714285715
1 0.6205357142857143 0.35044642857142855 0.05803571428571429 0.14508928571428573
1 0.28683035714285715 0.43973214285714285 0.08482142857142858 0.20535714285714285
2 0.21651785714285715 0.4888392857142857 0.11160714285714286 0.29464285714285715
2 0.08928571428571429 0.5412946428571429 0.12276785714285714 0.34375
3 0.4029017857142857 0.515625 0.14955357142857142 0.28794642857142855