1 0.1640625 0.5792410714285714 0.125 0.3013392857142857
1 0.6462053571428571 0.5647321428571429 0.08705357142857142 0.2700892857142857
1 0.7734375 0.5613839285714286 0.08705357142857142 0.2700892857142857
1 0.8727678571428571 0.5613839285714286 0.09598214285714286 0.28348214285714285
1 0.734375 0.5691964285714286 0.07142857142857142 0.265625
1 0.5703125 0.5825892857142857 0.09598214285714286 0.28348214285714285
2 0.7008928571428571 0.5758928571428571 0.09375 0.25669642857142855
1 0.296875 0.6004464285714286 0.09151785714285714 0.27232142857142855
2 0.18303571428571427 0.6104910714285714 0.10044642857142858 0.25892857142857145
2 0.8214285714285714 0.5803571428571429 0.08928571428571429 0.24107142857142858
1 0.6261160714285714 0.59375 0.08705357142857142 0.25892857142857145
1 0.4799107142857143 0.6037946428571429 0.07589285714285714 0.265625
1 0.4330357142857143 0.6149553571428571 0.09151785714285714 0.2544642857142857
2 0.3794642857142857 0.6205357142857143 0.08035714285714286 0.23660714285714285
2 0.5055803571428571 0.6160714285714286 0.07142857142857142 0.23214285714285715
2 0.2578125 0.6372767857142857 0.078125 0.24330357142857142