1 0.7075892857142857 0.40848214285714285 0.05357142857142857 0.12946428571428573
1 0.6707589285714286 0.42299107142857145 0.0625 0.140625
1 0.6316964285714286 0.43526785714285715 0.06473214285714286 0.13839285714285715
1 0.8839285714285714 0.3984375 0.08035714285714286 0.15625
1 0.9609375 0.39620535714285715 0.07589285714285714 0.203125
1 0.49888392857142855 0.5033482142857143 0.09375 0.22544642857142858
1 0.2611607142857143 0.5647321428571429 0.11160714285714286 0.23883928571428573
1 0.31808035714285715 0.5580357142857143 0.09598214285714286 0.25
1 0.37723214285714285 0.5725446428571429 0.12053571428571429 0.3125
1 0.4330357142857143 0.5680803571428571 0.125 0.3013392857142857
1 0.5625 0.5390625 0.15178571428571427 0.35267857142857145