0 0.9408482142857143 0.5524553571428571 0.08035714285714286 0.18303571428571427
0 0.12165178571428571 0.5848214285714286 0.07142857142857142 0.18526785714285715
0 0.5725446428571429 0.5714285714285714 0.07142857142857142 0.18973214285714285
0 0.7142857142857143 0.5669642857142857 0.06696428571428571 0.19196428571428573
0 0.8303571428571429 0.5625 0.060267857142857144 0.1875
0 0.1796875 0.5870535714285714 0.05803571428571429 0.16517857142857142
0 0.6372767857142857 0.5747767857142857 0.060267857142857144 0.19196428571428573
0 0.5212053571428571 0.5825892857142857 0.07589285714285714 0.18526785714285715
0 0.34263392857142855 0.5881696428571429 0.0625 0.18526785714285715
0 0.3794642857142857 0.5892857142857143 0.06473214285714286 0.17410714285714285
0 0.44308035714285715 0.5870535714285714 0.06919642857142858 0.18973214285714285
0 0.2544642857142857 0.5993303571428571 0.06696428571428571 0.17857142857142858