1 0.7232142857142857 0.47544642857142855 0.03794642857142857 0.12723214285714285
1 0.6852678571428571 0.4810267857142857 0.04241071428571429 0.13616071428571427
1 0.6462053571428571 0.47767857142857145 0.049107142857142856 0.13392857142857142
1 0.8995535714285714 0.5212053571428571 0.060267857142857144 0.15178571428571427
1 0.9720982142857143 0.5435267857142857 0.05133928571428571 0.203125
1 0.49776785714285715 0.5022321428571429 0.06473214285714286 0.21875
1 0.2533482142857143 0.4888392857142857 0.08035714285714286 0.22767857142857142
1 0.3091517857142857 0.49888392857142855 0.0625 0.24553571428571427
1 0.36049107142857145 0.53125 0.078125 0.30580357142857145
1 0.4185267857142857 0.5435267857142857 0.08705357142857142 0.2924107142857143
1 0.5457589285714286 0.5558035714285714 0.10714285714285714 0.34375