2 0.19977678571428573 0.5680803571428571 0.22321428571428573 0.609375
3 0.5334821428571429 0.6238839285714286 0.23214285714285715 0.43080357142857145
1 0.4642857142857143 0.4330357142857143 0.125 0.31473214285714285
1 0.08147321428571429 0.4966517857142857 0.140625 0.35714285714285715
1 0.6618303571428571 0.4732142857142857 0.11160714285714286 0.35044642857142855
1 0.7020089285714286 0.47433035714285715 0.11160714285714286 0.41294642857142855
1 0.5725446428571429 0.484375 0.17633928571428573 0.47767857142857145
1 0.35714285714285715 0.5011160714285714 0.171875 0.484375
1 0.8470982142857143 0.47544642857142855 0.14955357142857142 0.4107142857142857
2 0.9118303571428571 0.4765625 0.10714285714285714 0.33482142857142855
1 0.75 0.4921875 0.140625 0.45089285714285715