2 0.8035714285714286 0.5636160714285714 0.234375 0.6116071428571429
3 0.46986607142857145 0.6227678571428571 0.23660714285714285 0.43526785714285715
1 0.5379464285714286 0.43080357142857145 0.13169642857142858 0.3169642857142857
1 0.9196428571428571 0.48995535714285715 0.14732142857142858 0.35714285714285715
1 0.3359375 0.47544642857142855 0.11830357142857142 0.35267857142857145
1 0.3002232142857143 0.47879464285714285 0.11830357142857142 0.4174107142857143
1 0.4296875 0.484375 0.1875 0.4799107142857143
1 0.6462053571428571 0.49776785714285715 0.18303571428571427 0.48660714285714285
1 0.15178571428571427 0.48214285714285715 0.15625 0.41294642857142855
2 0.08928571428571429 0.484375 0.11607142857142858 0.33482142857142855
1 0.25 0.49441964285714285 0.14955357142857142 0.45535714285714285