0 0.9430803571428571 0.49776785714285715 0.07589285714285714 0.18303571428571427
0 0.13504464285714285 0.6283482142857143 0.06696428571428571 0.18303571428571427
0 0.5792410714285714 0.5625 0.06919642857142858 0.18973214285714285
0 0.7220982142857143 0.5390625 0.06473214285714286 0.19196428571428573
0 0.8359375 0.5234375 0.05580357142857143 0.1875
0 0.19419642857142858 0.625 0.05357142857142857 0.16294642857142858
0 0.6450892857142857 0.5558035714285714 0.05580357142857143 0.19196428571428573
0 0.53125 0.5803571428571429 0.07142857142857142 0.18526785714285715
0 0.35267857142857145 0.6082589285714286 0.05580357142857143 0.18303571428571427
0 0.39174107142857145 0.6026785714285714 0.0625 0.171875
0 0.45424107142857145 0.5948660714285714 0.06696428571428571 0.18973214285714285
0 0.2689732142857143 0.6294642857142857 0.06473214285714286 0.17633928571428573